CACHE_DATE: 2026-03-31 16:36:55
-----------------------------------------------------------
NOAA 18
1 28654U 05018A   26090.55288193  .00000061  00000+0  55605-4 0  9998
2 28654  98.8128 171.3510 0014416  16.1659 343.9971 14.13715181 75342
LANDSAT 8
1 39084U 13008A   26090.56580890  .00000513  00000+0  12383-3 0  9992
2 39084  98.1880 161.9283 0001195  95.1577 264.9758 14.57131246686599
LANDSAT 9
1 49260U 21088A   26090.46299309  .00000527  00000+0  12703-3 0  9998
2 49260  98.1902 161.8935 0001162  96.3122 263.8209 14.57119630239683
NOAA 19
1 33591U 09005A   26090.53796205  .00000075  00000+0  63825-4 0  9998
2 33591  98.9567 161.3416 0012817 248.0369 111.9441 14.13461018883515
